[?25l[0m [38;2;0;0;0m                        [0m
 [38;2;0;0;0m      [38;2;84;75;73m▗[38;2;96;85;80m▃[38;2;107;93;86m▂[38;2;102;89;83;48;2;48;46;49m▂[0m[38;2;87;78;76m▆[38;2;96;85;81m▆[38;2;106;93;85m▄[38;2;67;61;61m▖[38;2;61;57;60m▂         [0m
 [38;2;0;0;0m    [0m [38;2;90;80;77m▆[38;2;111;96;88;48;2;36;39;48m▇[38;2;109;95;87;48;2;70;65;67m▇[38;2;113;98;89;48;2;111;96;88m╴[48;2;113;98;89m  [38;2;112;97;88;48;2;97;86;82m▇[38;2;113;98;89;48;2;111;96;88m╴[48;2;109;95;87m╴[38;2;70;65;67;48;2;111;97;88m▘[0m[38;2;104;91;84m▄[38;2;85;76;74m▅[38;2;48;49;57m╴      [0m
 [38;2;0;0;0m   [38;2;98;86;81m▗[38;2;70;64;63;48;2;115;99;90m▘[38;2;130;111;100;48;2;117;101;91m▖[38;2;127;109;98;48;2;113;98;89m▖ [38;2;125;107;96m▖        [38;2;110;96;87;48;2;70;64;64m▇[0m[38;2;93;82;78m▄[0m [38;2;24;24;24m    [0m
 [38;2;0;0;0m [38;2;54;51;53m▗[38;2;108;94;86;48;2;52;49;50m╼[38;2;90;80;77;48;2;99;87;82m╴[38;2;113;98;89;48;2;124;107;96m▇[48;2;113;98;89m [48;2;114;99;89m╴[48;2;114;99;90m╴[48;2;113;98;89m [38;2;92;82;79;48;2;112;97;88m▁[48;2;113;98;89m [38;2;85;77;76;48;2;110;96;87m▁[48;2;113;98;89m [38;2;166;150;139;48;2;104;92;85m▗[38;2;113;98;89;48;2;108;94;86m┊[48;2;112;97;88m╴[48;2;113;98;89m   [0m[38;2;91;80;76m▌    [0m
 [38;2;0;0;0m  [7m[38;2;71;66;68m▋[0m[38;2;75;69;70;48;2;104;91;84m▗[38;2;113;98;89;48;2;99;88;83m╴[38;2;87;78;76;48;2;109;95;87m▘[38;2;186;167;151;48;2;113;100;92m▃[38;2;136;123;115;48;2;100;90;86m▁[38;2;212;190;170;48;2;126;112;104m┎[38;2;199;179;160;48;2;102;92;88m▁[38;2;233;207;183;48;2;120;106;98m▃[38;2;238;211;186;48;2;113;103;98m▂[38;2;247;219;192;48;2;125;112;103m▄[38;2;254;224;196;48;2;248;219;192m╴[38;2;96;85;80;48;2;212;188;168m▝[38;2;82;74;74;48;2;107;94;87m╴[48;2;113;98;89m   [0m[38;2;103;90;84m▊    [0m
 [38;2;0;0;0m  [38;2;61;58;62m▝[38;2;52;50;52;48;2;80;73;72m▏[38;2;232;206;183;48;2;118;109;105m▄[38;2;207;186;167;48;2;89;81;80m▅[38;2;229;229;229;48;2;140;127;119m▁[38;2;76;72;74;48;2;221;197;175m╸[38;2;254;224;196;48;2;252;223;195m╴[38;2;204;183;165;48;2;252;222;195m╶[38;2;121;111;106;48;2;207;184;165m━[38;2;202;190;180;48;2;126;113;106m▄[38;2;197;182;168;48;2;101;91;87m▅[38;2;143;130;120;48;2;231;205;181m▘[48;2;254;224;196m [38;2;113;102;97;48;2;230;204;181m▝[38;2;91;81;77;48;2;112;97;88m▏[38;2;113;98;89m╴[38;2;74;68;68;48;2;110;95;87m╷[0m[38;2;94;83;79m▌    [0m
 [38;2;0;0;0m   [38;2;40;40;44m▝[38;2;47;49;58;48;2;237;211;186m▏[38;2;132;127;125;48;2;207;208;210m▎[38;2;153;157;165;48;2;89;99;126m╺[38;2;109;115;128;48;2;196;178;163m▌[38;2;202;184;167;48;2;254;224;196m▏ [38;2;191;179;169;48;2;247;230;214m╵[38;2;248;248;248;48;2;92;101;124m▎[38;2;106;114;134;48;2;206;207;208m▉[38;2;136;127;121;48;2;221;207;193m╲[48;2;254;224;196m [38;2;252;223;195;48;2;98;95;94m▉[38;2;186;168;152;48;2;97;87;83m▗[38;2;226;201;178;48;2;110;99;93m▅[0m[7m[38;2;84;78;78m▗[0m [38;2;24;24;24m    [0m
 [38;2;0;0;0m    [38;2;36;38;45;48;2;238;211;186m▎[38;2;252;241;232;48;2;254;225;198m▝[38;2;246;223;203;48;2;89;98;122m▆[38;2;146;140;136;48;2;212;191;172m▎[48;2;254;224;196m  [38;2;254;224;196;48;2;254;225;198m╴[38;2;245;224;206;48;2;153;158;171m▇[38;2;252;228;206;48;2;138;143;157m▆[38;2;253;223;195;48;2;254;231;210m▇[48;2;254;224;196m [38;2;254;224;196;48;2;247;218;191m╴[38;2;115;109;106;48;2;218;195;174m╻[38;2;254;224;196;48;2;248;219;192m╴[0m[38;2;158;145;134m▎     [0m
 [38;2;0;0;0m    [7m[38;2;230;205;181m▌[0m[38;2;254;224;196;48;2;252;220;193m╴[48;2;252;222;194m [38;2;35;37;43;48;2;219;195;174m▂[0m[7m[38;2;254;224;196m▃[38;2;251;222;195m▃[38;2;242;214;188m▃[0m[38;2;96;88;87;48;2;253;224;196m▄[38;2;250;213;188;48;2;253;222;195m┊[38;2;252;219;193m┊[48;2;254;224;196m [38;2;98;89;86;48;2;243;215;189m▗[0m[7m[38;2;242;214;188m▄[0m[38;2;165;149;135m▘      [0m
 [38;2;0;0;0m    [0m [7m[38;2;220;195;173m▖[0m[38;2;254;224;196;48;2;253;223;195m╴[38;2;223;193;172;48;2;90;82;84m▆[0m[38;2;207;149;138m▇[38;2;203;139;130m▇[38;2;213;154;142;48;2;72;59;63m▇[38;2;163;138;128;48;2;233;198;176m╹[48;2;254;224;196m [38;2;254;224;196;48;2;249;220;193m╴[38;2;166;152;140;48;2;234;208;183m╺[0m[38;2;94;89;88m▌        [0m
 [38;2;0;0;0m      [7m[38;2;183;165;148m▆[38;2;237;210;185m▃[0m[38;2;111;105;102;48;2;251;222;194m▁[38;2;196;176;159;48;2;254;224;196m▁[38;2;140;129;122;48;2;249;220;193m▁[38;2;254;224;196;48;2;231;206;182m╴[38;2;137;127;119;48;2;238;211;186m╴[38;2;240;213;187;48;2;193;174;157m▇[38;2;254;224;196;48;2;253;224;196m╴[0m[38;2;202;189;176m▏        [0m
 [38;2;0;0;0m       [38;2;143;154;165m▗[38;2;91;94;99;48;2;248;219;193m▍[38;2;254;224;196;48;2;180;163;149m▇[48;2;252;223;195m [48;2;254;224;196m [48;2;252;222;195m╴[38;2;164;176;185;48;2;239;213;188m▁[38;2;135;143;151;48;2;223;214;204m╶[38;2;184;200;213;48;2;123;128;134m▇[0m[38;2;153;168;180m▖       [0m
 [38;2;0;0;0m    [38;2;95;103;111m▁[38;2;170;186;199m▃[38;2;191;210;225m▅[38;2;118;127;136;48;2;188;206;219m▘[38;2;136;143;149;48;2;187;183;180m┌[38;2;168;157;149;48;2;242;215;189m▁[38;2;159;146;136;48;2;226;213;199m╶[38;2;171;186;198;48;2;213;213;211m╴[38;2;193;211;224;48;2;183;169;157m▇[38;2;161;176;187;48;2;200;221;235m┌[38;2;160;174;185;48;2;202;222;237m╸[38;2;189;207;221;48;2;200;221;236m╶[38;2;170;185;196;48;2;199;219;234m╴[38;2;201;221;236;48;2;91;98;106m▆[0m[38;2;183;202;216m▄[38;2;129;141;152m▁    [0m
 [38;2;0;0;0m [0m [38;2;165;182;194m▄[38;2;201;222;237m▆[38;2;210;232;248;48;2;205;227;242m┊[48;2;210;232;248m  [48;2;206;227;243m╴[38;2;129;138;145;48;2;181;197;210m▎[38;2;94;98;104;48;2;188;202;212m╸[38;2;165;178;189;48;2;199;219;233m┏[38;2;184;202;214;48;2;199;219;234m╵[38;2;209;231;247;48;2;173;189;201m▇[48;2;210;232;248m    [38;2;204;225;240;48;2;175;190;202m▇[38;2;147;159;168;48;2;201;221;236m╶[38;2;210;232;248;48;2;196;215;230m╵[38;2;205;226;241;48;2;73;79;85m▅[0m[38;2;157;172;184m▃[0m [38;2;24;24;24m [0m
  [7m[38;2;185;203;217m▘[0m[38;2;154;168;180;48;2;193;212;226m▏[48;2;210;232;248m    [38;2;210;232;248;48;2;198;218;233m╴[38;2;215;222;227;48;2;182;196;206m╷[38;2;154;166;176;48;2;196;216;231m┍[38;2;210;232;248;48;2;202;223;238m╴[48;2;210;232;248m       [38;2;174;191;203;48;2;207;228;244m╷[38;2;154;167;178;48;2;196;216;231m╺[38;2;184;202;215;48;2;198;217;232m╵[38;2;210;231;247;48;2;174;189;201m▇[0m[7m[38;2;174;191;204m▝[0m[38;2;37;39;42m [0m
 [7m[38;2;166;182;195m▋[0m[38;2;204;225;240;48;2;129;139;148m▊[48;2;208;230;246m [48;2;210;232;248m    [38;2;114;122;130;48;2;186;204;218m╵[38;2;197;215;229;48;2;145;157;166m▉[38;2;178;194;207;48;2;195;214;229m╴[48;2;210;232;248m       [38;2;163;178;191;48;2;197;217;232m╶[38;2;97;103;110;48;2;186;203;216m╱[38;2;210;232;248;48;2;209;231;247m╴[48;2;210;232;248m  [48;2;209;230;246m╴[0m[38;2;120;128;136m▏[0m
 [38;2;210;232;248m▝[7m[38;2;183;201;214m▄[38;2;210;232;248m▄▄▄▄[38;2;208;230;246m▄[38;2;182;200;214m▄[38;2;183;200;214m▄[38;2;210;232;248m▄▄▄▄▄▄▄▄[38;2;157;171;182m▄[38;2;209;231;247m▄[38;2;210;232;248m▄▄▄▄[0m[38;2;112;121;127m▏[0m
[?25h